1778047736606 0.001 0
1778047738014 0.0009999383162408303 1
1778047739188 0.0009997532801828658 2
1778047740560 0.0009994449374809851 3
1778047741945 0.0009990133642141358 4
1778047743131 0.000998458666866564 5
1778047744535 0.00099778098230154 6
1778047745873 0.0009969804777275899 7
1778047747066 0.000996057350657239 8
1778047748427 0.0009950118288582787 9
1778047749833 0.0009938441702975688 10
1778047750992 0.000992554663077387 11
1778047752472 0.0009911436253643444 12
1778047753823 0.0009896114053108828 13
1778047755011 0.0009879583809693736 14
1778047756326 0.0009861849601988382 15
1778047757709 0.0009842915805643154 16
1778047758907 0.000982278709228899 17
1778047760259 0.0009801468428384714 18
1778047761592 0.0009778965073991648 19
1778047762875 0.0009755282581475766 20
1778047764262 0.0009730426794137723 21
1778047765646 0.0009704403844771124 22
1778047766863 0.0009677220154149334 23
1778047768245 0.0009648882429441253 24
1778047769597 0.000961939766255643 25
1778047770841 0.0009588773128419901 26
1778047772248 0.0009557016383177221 27
1778047773621 0.0009524135262330093 28
1778047774824 0.0009490137878803073 29
1778047776270 0.0009455032620941834 30
1778047777596 0.0009418828150443463 31
1778047778860 0.0009381533400219311 32
1778047780216 0.0009343157572190951 33
1778047781627 0.0009303710135019713 34
1778047782815 0.0009263200821770456 35
1778047784221 0.000922163962751007 36
1778047785463 0.0009179036806841347 37
1778047786823 0.0009135402871372803 38
1778047788189 0.0009090748587125112 39
1778047789429 0.0009045084971874732 40
1778047790858 0.0008998423292435448 41
1778047792220 0.0008950775061878447 42
1778047793341 0.0008902152036691643 43
1778047794794 0.000885256621387894 44
1778047796151 0.0008802029828000149 45
1778047797329 0.0008750555348152292 46
1778047798709 0.0008698155474893041 47
1778047800066 0.0008644843137107051 48
1778047801294 0.0008590631488815939 49
1778047802624 0.0008535533905932731 50
1778047803937 0.0008479563982961564 51
1778047805229 0.0008422735529643437 52
1778047806697 0.000836506256754886 53
1778047808034 0.0008306559326618253 54
1778047809211 0.0008247240241650912 55
1778047810651 0.0008187119948743442 56
1778047812116 0.000812621328167852 57
1778047813275 0.0008064535268264877 58
1778047814653 0.0008002101126629415 59
1778047816048 0.000793892626146236 60
1778047817290 0.0007875026260216388 61
1778047818617 0.0007810416889260649 62
1778047820023 0.0007745114089990654 63
1778047821259 0.0007679133974894978 64
1778047822617 0.0007612492823579739 65
1778047824018 0.0007545207078751852 66
1778047825306 0.0007477293342162034 67
1778047826662 0.0007408768370508571 68
1778047828083 0.0007339649071302863 69
1778047829281 0.0007269952498697729 70
1778047830787 0.000719969584927957 71
1778047832205 0.0007128896457825358 72
1778047833411 0.0007057571793025539 73
1778047834797 0.0006985739453173898 74
1778047836153 0.0006913417161825444 75
1778047837366 0.0006840622763423385 76
1778047838794 0.000676737421889628 77
1778047840207 0.0006693689601226452 78
1778047841482 0.0006619587090990741 79
1778047842898 0.0006545084971874731 80
1778047844275 0.0006470201626161514 81
1778047845453 0.0006394955530196142 82
1778047846856 0.0006319365249826858 83
1778047848292 0.0006243449435824268 84
1778047849524 0.0006167226819279523 85
1778047850912 0.0006090716206982709 86
1778047852388 0.0006013936476782558 87
1778047853698 0.000593690657292862 88
1778047855139 0.0005859645501397043 89
1778047856543 0.000578217232520115 90
1778047857794 0.000570450615968791 91
1778047859177 0.0005626666167821518 92
1778047860560 0.0005548671555455222 93
1778047861824 0.0005470541566592567 94
1778047863206 0.000539229547863922 95
1778047864592 0.0005313952597646562 96
1778047865809 0.0005235532253548208 97
1778047867233 0.0005157053795390637 98
1778047868633 0.0005078536586559099 99
1778047869880 0.0004999999999999996 100
1778047871285 0.0004921463413440893 101
1778047872723 0.0004842946204609354 102
1778047873740 0.00047644677464517824 103
1778047874722 0.00046860474023534287 104
1778047875689 0.00046077045213607716 105
1778047876457 0.0004529458433407424 106
1778047877440 0.000445132844454477 107
1778047878383 0.0004373333832178475 108
1778047879231 0.0004295493840312084 109
1778047880315 0.0004217827674798842 110
1778047881353 0.00041403544986029484 111
1778047882257 0.0004063093427071374 112
1778047883305 0.00039860635232174353 113
1778047884264 0.0003909283793017286 114
1778047885084 0.000383277318072047 115
1778047886008 0.00037565505641757235 116
1778047886938 0.0003680634750173133 117
1778047887886 0.00036050444698038515 118
1778047888803 0.0003529798373838478 119
1778047889693 0.0003454915028125262 120
1778047890498 0.00033804129090092506 121
1778047891433 0.0003306310398773541 122
1778047892367 0.00032326257811037126 123
1778047893165 0.0003159377236576609 124
1778047894086 0.000308658283817455 125
1778047894957 0.0003014260546826094 126
1778047895706 0.0002942428206974454 127
1778047896622 0.00028711035421746345 128
1778047897614 0.0002800304150720422 129
1778047898412 0.0002730047501302264 130
1778047899347 0.0002660350928697132 131
1778047900281 0.0002591231629491421 132
1778047901071 0.00025227066578379596 133
1778047902016 0.0002454792921248141 134
1778047902965 0.00023875071764202534 135
1778047903742 0.0002320866025105013 136
1778047904640 0.0002254885910009338 137
1778047905533 0.0002189583110739344 138
1778047906314 0.00021249737397836048 139
1778047907226 0.00020610737385376327 140
1778047908219 0.00019978988733705783 141
1778047909015 0.00019354647317351147 142
1778047909939 0.00018737867183214719 143
1778047910856 0.0001812880051256549 144
1778047911702 0.00017527597583490801 145
1778047912648 0.00016934406733817395 146
1778047913566 0.0001634937432451131 147
1778047914330 0.00015772644703565544 148
1778047915309 0.00015204360170384266 149
1778047916225 0.0001464466094067261 150
1778047917024 0.00014093685111840547 151
1778047917942 0.00013551568628929414 152
1778047918925 0.00013018445251069497 153
1778047919692 0.0001249444651847701 154
1778047920614 0.00011979701719998438 155
1778047921581 0.00011474337861210527 156
1778047922365 0.00010978479633083506 157
1778047923262 0.00010492249381215464 158
1778047924201 0.00010015767075645462 159
1778047925033 9.549150281252619e-05 160
1778047925963 9.092514128748822e-05 161
1778047926866 8.645971286271907e-05 162
1778047927669 8.209631931586485e-05 163
1778047928574 7.783603724899246e-05 164
1778047929593 7.367991782295392e-05 165
1778047930445 6.962898649802802e-05 166
1778047931452 6.568424278090424e-05 167
1778047932390 6.184665997806812e-05 168
1778047933133 5.811718495565318e-05 169
1778047933986 5.449673790581603e-05 170
1778047934907 5.098621211969216e-05 171
1778047935710 4.7586473766990253e-05 172
1778047936654 4.4298361682277405e-05 173
1778047937620 4.1122687158009486e-05 174
1778047938417 3.8060233744356686e-05 175
1778047939394 3.511175705587427e-05 176
1778047940369 3.2277984585066264e-05 177
1778047941275 2.955961552288723e-05 178
1778047942320 2.6957320586227313e-05 179
1778047943233 2.44717418524232e-05 180
1778047944038 2.210349260083491e-05 181
1778047944936 1.9853157161528496e-05 182
1778047945919 1.7721290771100992e-05 183
1778047946772 1.5708419435684497e-05 184
1778047947710 1.3815039801161704e-05 185
1778047948589 1.2041619030626323e-05 186
1778047949320 1.0388594689117057e-05 187
1778047950218 8.856374635655629e-06 188
1778047951141 7.445336922613057e-06 189
1778047951988 6.155829702431163e-06 190
1778047952926 4.988171141721226e-06 191
1778047953871 3.942649342761113e-06 192
1778047954690 3.0195222724101985e-06 193
1778047955644 2.219017698459999e-06 194
1778047956607 1.5413331334360161e-06 195
1778047957383 9.866357858642194e-07 196
1778047958238 5.550625190150475e-07 197
1778047959120 2.4671981713419966e-07 198
1778047959939 6.168375916970607e-08 199
1778047736606 0.001 0
