1778047736596 0.05916191345971564 0
1778047738007 0.017363457346631996 1
1778047739179 0.012299711991479431 2
1778047740552 0.009278644422960022 3
1778047741937 0.007209539005154933 4
1778047743125 0.006008744459140344 5
1778047744525 0.005104055189514073 6
1778047745864 0.004459055218224724 7
1778047747058 0.0038682877497774534 8
1778047748416 0.0033342729211258497 9
1778047749825 0.003030730882133155 10
1778047750983 0.002566339900258227 11
1778047752463 0.0023094275595107374 12
1778047753814 0.0021897099837930737 13
1778047755003 0.0019286079247873547 14
1778047756311 0.001921771526120711 15
1778047757702 0.001593464461620897 16
1778047758898 0.001523321863108625 17
1778047760244 0.001248480394428623 18
1778047761583 0.0012892776175631561 19
1778047762866 0.0012679323554039001 20
1778047764253 0.0010401362905859191 21
1778047765639 0.0010180115354740046 22
1778047766854 0.001013743646857936 23
1778047768237 0.0010471177967332735 24
1778047769589 0.0007797607091640162 25
1778047770831 0.0008389932197093477 26
1778047772240 0.0007616549479754884 27
1778047773611 0.0009264419474504024 28
1778047774816 0.0007924235774291868 29
1778047776262 0.0006207998102173156 30
1778047777586 0.0007237040136596593 31
1778047778849 0.0005234244791622125 32
1778047780210 0.0005394835290802723 33
1778047781617 0.0005844758605867949 34
1778047782807 0.000522879935316809 35
1778047784212 0.00047032244775977415 36
1778047785454 0.0004251423383391449 37
1778047786814 0.0004619554567160895 38
1778047788182 0.0004273495380429254 39
1778047789422 0.00044761563818294394 40
1778047790848 0.0004965651017340386 41
1778047792210 0.0004522581306367141 42
1778047793332 0.0003529492248123026 43
1778047794786 0.00045923645349988794 44
1778047796143 0.0003350792324889208 45
1778047797322 0.0004927656856665819 46
1778047798702 0.0003951781440317037 47
1778047800058 0.0003999444557795895 48
1778047801286 0.0003830139728539718 49
1778047802616 0.0002886134134841732 50
1778047803928 0.0002838586977146485 51
1778047805221 0.0003139651770639382 52
1778047806688 0.0002674630657935083 53
1778047808026 0.00030002836781246856 54
1778047809200 0.00032890546034373665 55
1778047810643 0.00023648105201098824 56
1778047812108 0.0002904859429690987 57
1778047813266 0.0002292760537534048 58
1778047814643 0.0002529150454168869 59
1778047816040 0.00024119591440809756 60
1778047817282 0.0002872686959892525 61
1778047818608 0.00020408825461661604 62
1778047820014 0.0003033196273094475 63
1778047821249 0.00021264132110577455 64
1778047822607 0.00021748942358037996 65
1778047824010 0.00020362641046539056 66
1778047825297 0.0002197068457937111 67
1778047826654 0.00018545033157536545 68
1778047828076 0.00023148878329042074 69
1778047829273 0.00016902334502209788 70
1778047830781 0.00023308189459688342 71
1778047832196 0.00019078573171535263 72
1778047833402 0.00021747824106621894 73
1778047834788 0.000249431711394657 74
1778047836146 0.00016953685775186622 75
1778047837358 0.00016645871801301837 76
1778047838786 0.00013990810765645239 77
1778047840199 0.0002094289385781124 78
1778047841474 0.0002558710507203258 79
1778047842889 0.00018021499725865146 80
1778047844267 0.0001286444783782708 81
1778047845443 0.0001300206478871574 82
1778047846849 0.0001661104534582262 83
1778047848282 0.0002168649894040267 84
1778047849516 0.0001557173385188672 85
1778047850905 0.00013178445068120524 86
1778047852378 0.00011882076754430444 87
1778047853687 0.00014683774814171636 88
1778047855129 0.00011591172854726513 89
1778047856536 9.59000272036908e-05 90
1778047857786 0.00014733460588815987 91
1778047859170 0.00012328863917703174 92
1778047860550 0.00010985258969426006 93
1778047861814 0.0001524144542560427 94
1778047863197 0.0001203139287573994 95
1778047864583 0.00010208640531451185 96
1778047865799 9.827241007334796e-05 97
1778047867225 9.18337921746939e-05 98
1778047868625 0.0001098606008926636 99
1778047869872 0.00010778402677227649 100
1778047871274 9.592032153665534e-05 101
1778047872715 9.559472143165834e-05 102
1778047873734 0.00011273381170357807 103
1778047874708 0.00013325973085939304 104
1778047875681 8.95620199288174e-05 105
1778047876440 9.585484392870137e-05 106
1778047877438 0.00011580708656844723 107
1778047878378 8.375668139838061e-05 108
1778047879225 0.00011499383702133512 109
1778047880311 6.778691233088519e-05 110
1778047881344 7.810068485053742e-05 111
1778047882241 7.453317585463662e-05 112
1778047883292 6.589886465192556e-05 113
1778047884260 8.056188997453201e-05 114
1778047885079 8.550569543950732e-05 115
1778047886005 6.947086607713415e-05 116
1778047886930 7.608277783088008e-05 117
1778047887881 6.232131936880963e-05 118
1778047888788 6.246487643785667e-05 119
1778047889689 6.400149267511037e-05 120
1778047890492 6.298436536504279e-05 121
1778047891428 9.897095757575396e-05 122
1778047892361 8.204067104826748e-05 123
1778047893161 0.00016524640712937665 124
1778047894075 8.180605758410083e-05 125
1778047894957 6.479875641610082e-05 126
1778047895701 6.542756966445123e-05 127
1778047896607 5.950096683459444e-05 128
1778047897609 6.85055464323934e-05 129
1778047898407 5.468418922923181e-05 130
1778047899343 5.8856940270651237e-05 131
1778047900276 5.1515712650565334e-05 132
1778047901061 4.9538663375457965e-05 133
1778047902010 7.884287544478919e-05 134
1778047902959 5.968346084810564e-05 135
1778047903735 6.8222734731482e-05 136
1778047904635 7.922183320498216e-05 137
1778047905526 5.7753811352481336e-05 138
1778047906309 5.0437799749804824e-05 139
1778047907222 4.783983825726192e-05 140
1778047908209 4.768559164654437e-05 141
1778047909011 4.485397324100157e-05 142
1778047909934 4.960369224663473e-05 143
1778047910839 4.4136004995063715e-05 144
1778047911696 4.628232881773526e-05 145
1778047912641 5.566464573928607e-05 146
1778047913555 5.4698755907272734e-05 147
1778047914325 4.346522803024382e-05 148
1778047915304 4.5543215294500165e-05 149
1778047916220 4.7777874936835595e-05 150
1778047917007 4.172994382658373e-05 151
1778047917937 4.198567878937457e-05 152
1778047918920 4.0145990762697615e-05 153
1778047919688 3.7907865998272755e-05 154
1778047920608 4.235228326528475e-05 155
1778047921574 3.830112742118376e-05 156
1778047922360 3.7366350269344956e-05 157
1778047923257 3.6433399672851145e-05 158
1778047924193 3.9523164652063564e-05 159
1778047925026 3.682209419333747e-05 160
1778047925960 3.3581965934886746e-05 161
1778047926860 3.669174348824131e-05 162
1778047927657 3.466337474874572e-05 163
1778047928569 3.716486816815829e-05 164
1778047929589 3.628562228476622e-05 165
1778047930441 3.5137168974936195e-05 166
1778047931445 3.454809951148016e-05 167
1778047932384 3.301422899918786e-05 168
1778047933124 3.387078153985161e-05 169
1778047933981 3.336034482661331e-05 170
1778047934899 3.116368078854462e-05 171
1778047935690 3.0485338014103405e-05 172
1778047936648 3.0433345207289886e-05 173
1778047937605 3.010765989977475e-05 174
1778047938409 3.002966516668085e-05 175
1778047939388 3.1095589187369086e-05 176
1778047940362 3.0338286323704e-05 177
1778047941266 3.114128259661864e-05 178
1778047942306 2.9628220084081136e-05 179
1778047943224 2.965961236138052e-05 180
1778047944030 2.905222443560901e-05 181
1778047944931 2.859042541641047e-05 182
1778047945914 2.9293677009949192e-05 183
1778047946756 3.0383325160389926e-05 184
1778047947706 2.812403748237926e-05 185
1778047948571 2.8655816793721844e-05 186
1778047949315 2.8049743417321462e-05 187
1778047950212 2.8291258549079824e-05 188
1778047951138 2.7740574217244536e-05 189
1778047951981 2.7429493944720782e-05 190
1778047952919 2.7553201305082716e-05 191
1778047953865 2.7334774184028916e-05 192
1778047954682 2.735681883295647e-05 193
1778047955638 2.7129741652786016e-05 194
1778047956603 2.718608284603629e-05 195
1778047957379 2.7375825281880047e-05 196
1778047958231 2.6918422509629306e-05 197
1778047959105 2.6992773754223574e-05 198
1778047959930 2.6917631618309077e-05 199
1778047736596 0.05916191345971564 0
