1778048168941 0.001 0
1778048169850 0.0009999383162408303 1
1778048170578 0.0009997532801828658 2
1778048171501 0.0009994449374809851 3
1778048172321 0.0009990133642141358 4
1778048173037 0.000998458666866564 5
1778048173974 0.00099778098230154 6
1778048174859 0.0009969804777275899 7
1778048175565 0.000996057350657239 8
1778048176375 0.0009950118288582787 9
1778048177285 0.0009938441702975688 10
1778048178111 0.000992554663077387 11
1778048179013 0.0009911436253643444 12
1778048179885 0.0009896114053108828 13
1778048180657 0.0009879583809693736 14
1778048181553 0.0009861849601988382 15
1778048182388 0.0009842915805643154 16
1778048183067 0.000982278709228899 17
1778048183912 0.0009801468428384714 18
1778048184807 0.0009778965073991648 19
1778048185430 0.0009755282581475766 20
1778048186252 0.0009730426794137723 21
1778048187047 0.0009704403844771124 22
1778048187727 0.0009677220154149334 23
1778048188550 0.0009648882429441253 24
1778048189329 0.000961939766255643 25
1778048190033 0.0009588773128419901 26
1778048190865 0.0009557016383177221 27
1778048191545 0.0009524135262330093 28
1778048192355 0.0009490137878803073 29
1778048193137 0.0009455032620941834 30
1778048193925 0.0009418828150443463 31
1778048194806 0.0009381533400219311 32
1778048195630 0.0009343157572190951 33
1778048196277 0.0009303710135019713 34
1778048197104 0.0009263200821770456 35
1778048197914 0.000922163962751007 36
1778048198626 0.0009179036806841347 37
1778048199420 0.0009135402871372803 38
1778048200237 0.0009090748587125112 39
1778048200923 0.0009045084971874732 40
1778048201823 0.0008998423292435448 41
1778048202708 0.0008950775061878447 42
1778048203402 0.0008902152036691643 43
1778048204213 0.000885256621387894 44
1778048205056 0.0008802029828000149 45
1778048205751 0.0008750555348152292 46
1778048206583 0.0008698155474893041 47
1778048207396 0.0008644843137107051 48
1778048208042 0.0008590631488815939 49
1778048208895 0.0008535533905932731 50
1778048209667 0.0008479563982961564 51
1778048210312 0.0008422735529643437 52
1778048211112 0.000836506256754886 53
1778048212008 0.0008306559326618253 54
1778048212672 0.0008247240241650912 55
1778048213478 0.0008187119948743442 56
1778048214402 0.000812621328167852 57
1778048215123 0.0008064535268264877 58
1778048216068 0.0008002101126629415 59
1778048216929 0.000793892626146236 60
1778048217685 0.0007875026260216388 61
1778048218548 0.0007810416889260649 62
1778048219439 0.0007745114089990654 63
1778048220230 0.0007679133974894978 64
1778048221104 0.0007612492823579739 65
1778048221994 0.0007545207078751852 66
1778048222792 0.0007477293342162034 67
1778048223671 0.0007408768370508571 68
1778048224600 0.0007339649071302863 69
1778048225372 0.0007269952498697729 70
1778048226287 0.000719969584927957 71
1778048227123 0.0007128896457825358 72
1778048227789 0.0007057571793025539 73
1778048228575 0.0006985739453173898 74
1778048229396 0.0006913417161825444 75
1778048230080 0.0006840622763423385 76
1778048230924 0.000676737421889628 77
1778048231747 0.0006693689601226452 78
1778048232454 0.0006619587090990741 79
1778048233479 0.0006545084971874731 80
1778048234587 0.0006470201626161514 81
1778048235485 0.0006394955530196142 82
1778048236587 0.0006319365249826858 83
1778048237589 0.0006243449435824268 84
1778048238458 0.0006167226819279523 85
1778048239538 0.0006090716206982709 86
1778048240467 0.0006013936476782558 87
1778048241287 0.000593690657292862 88
1778048242216 0.0005859645501397043 89
1778048243224 0.000578217232520115 90
1778048244111 0.000570450615968791 91
1778048245191 0.0005626666167821518 92
1778048246125 0.0005548671555455222 93
1778048246964 0.0005470541566592567 94
1778048247830 0.000539229547863922 95
1778048248726 0.0005313952597646562 96
1778048249530 0.0005235532253548208 97
1778048250475 0.0005157053795390637 98
1778048251452 0.0005078536586559099 99
1778048252187 0.0004999999999999996 100
1778048253032 0.0004921463413440893 101
1778048253901 0.0004842946204609354 102
1778048254693 0.00047644677464517824 103
1778048255570 0.00046860474023534287 104
1778048256672 0.00046077045213607716 105
1778048257742 0.0004529458433407424 106
1778048258813 0.000445132844454477 107
1778048259960 0.0004373333832178475 108
1778048261025 0.0004295493840312084 109
1778048262190 0.0004217827674798842 110
1778048263380 0.00041403544986029484 111
1778048264305 0.0004063093427071374 112
1778048265403 0.00039860635232174353 113
1778048266542 0.0003909283793017286 114
1778048267523 0.000383277318072047 115
1778048268627 0.00037565505641757235 116
1778048269774 0.0003680634750173133 117
1778048270768 0.00036050444698038515 118
1778048271901 0.0003529798373838478 119
1778048273049 0.0003454915028125262 120
1778048274034 0.00033804129090092506 121
1778048275167 0.0003306310398773541 122
1778048276353 0.00032326257811037126 123
1778048277374 0.0003159377236576609 124
1778048278560 0.000308658283817455 125
1778048279739 0.0003014260546826094 126
1778048280778 0.0002942428206974454 127
1778048281965 0.00028711035421746345 128
1778048283171 0.0002800304150720422 129
1778048284133 0.0002730047501302264 130
1778048285240 0.0002660350928697132 131
1778048286345 0.0002591231629491421 132
1778048287311 0.00025227066578379596 133
1778048288345 0.0002454792921248141 134
1778048289454 0.00023875071764202534 135
1778048290407 0.0002320866025105013 136
1778048291613 0.0002254885910009338 137
1778048292744 0.0002189583110739344 138
1778048293738 0.00021249737397836048 139
1778048294857 0.00020610737385376327 140
1778048295896 0.00019978988733705783 141
1778048296841 0.00019354647317351147 142
1778048297856 0.00018737867183214719 143
1778048298854 0.0001812880051256549 144
1778048299621 0.00017527597583490801 145
1778048300466 0.00016934406733817395 146
1778048301402 0.0001634937432451131 147
1778048302540 0.00015772644703565544 148
1778048303775 0.00015204360170384266 149
1778048304871 0.0001464466094067261 150
1778048305888 0.00014093685111840547 151
1778048307041 0.00013551568628929414 152
1778048308191 0.00013018445251069497 153
1778048309209 0.0001249444651847701 154
1778048310342 0.00011979701719998438 155
1778048311491 0.00011474337861210527 156
1778048312529 0.00010978479633083506 157
1778048313703 0.00010492249381215464 158
1778048314898 0.00010015767075645462 159
1778048315928 9.549150281252619e-05 160
1778048317102 9.092514128748822e-05 161
1778048318234 8.645971286271907e-05 162
1778048319213 8.209631931586485e-05 163
1778048320307 7.783603724899246e-05 164
1778048321393 7.367991782295392e-05 165
1778048322378 6.962898649802802e-05 166
1778048323420 6.568424278090424e-05 167
1778048324440 6.184665997806812e-05 168
1778048325335 5.811718495565318e-05 169
1778048326436 5.449673790581603e-05 170
1778048327391 5.098621211969216e-05 171
1778048328309 4.7586473766990253e-05 172
1778048329410 4.4298361682277405e-05 173
1778048330502 4.1122687158009486e-05 174
1778048331438 3.8060233744356686e-05 175
1778048332376 3.511175705587427e-05 176
1778048333510 3.2277984585066264e-05 177
1778048334294 2.955961552288723e-05 178
1778048335252 2.6957320586227313e-05 179
1778048336193 2.44717418524232e-05 180
1778048337004 2.210349260083491e-05 181
1778048337873 1.9853157161528496e-05 182
1778048338991 1.7721290771100992e-05 183
1778048339827 1.5708419435684497e-05 184
1778048340849 1.3815039801161704e-05 185
1778048341898 1.2041619030626323e-05 186
1778048342824 1.0388594689117057e-05 187
1778048343868 8.856374635655629e-06 188
1778048344929 7.445336922613057e-06 189
1778048345822 6.155829702431163e-06 190
1778048346830 4.988171141721226e-06 191
1778048347978 3.942649342761113e-06 192
1778048349005 3.0195222724101985e-06 193
1778048350122 2.219017698459999e-06 194
1778048351369 1.5413331334360161e-06 195
1778048352464 9.866357858642194e-07 196
1778048353636 5.550625190150475e-07 197
1778048354722 2.4671981713419966e-07 198
1778048355854 6.168375916970607e-08 199
1778048168941 0.001 0
