1778048168936 0.05295114750987378 0
1778048169844 0.017993790785903515 1
1778048170572 0.01286033815636799 2
1778048171495 0.009456620561768827 3
1778048172321 0.00748842289549825 4
1778048173030 0.006061040867201012 5
1778048173968 0.0049260270316153765 6
1778048174859 0.004105111128529129 7
1778048175560 0.0038090069572427783 8
1778048176369 0.003135927689626165 9
1778048177281 0.0026774183573687205 10
1778048178103 0.002278147089848484 11
1778048179003 0.0021087262118100257 12
1778048179877 0.0018704260928907256 13
1778048180651 0.0015876767051784132 14
1778048181544 0.0014387565425367675 15
1778048182382 0.001329627452397962 16
1778048183063 0.0011696444488589423 17
1778048183906 0.001081922911512463 18
1778048184801 0.0010963643907798805 19
1778048185426 0.0009330468141791019 20
1778048186246 0.0008971870124367052 21
1778048187042 0.000768605001318012 22
1778048187721 0.0006722223820954399 23
1778048188546 0.0006269267941588887 24
1778048189316 0.0005786059832578336 25
1778048190029 0.000555354349763956 26
1778048190859 0.0005500307673608642 27
1778048191541 0.0007568213783299037 28
1778048192349 0.0005728191944122639 29
1778048193133 0.0005031759594229684 30
1778048193908 0.00044073977535489297 31
1778048194799 0.0004033619857248108 32
1778048195625 0.0004818751086545028 33
1778048196273 0.00048103145715119183 34
1778048197101 0.00044367249052890617 35
1778048197909 0.0003490450328462285 36
1778048198623 0.0003771461220373791 37
1778048199405 0.00031313027358154994 38
1778048200230 0.0003081632263880844 39
1778048200917 0.0003738825100193988 40
1778048201820 0.00033562290764825445 41
1778048202702 0.00030026673145281774 42
1778048203396 0.0002620061608520674 43
1778048204207 0.00023925106580608753 44
1778048205049 0.000229636789826791 45
1778048205748 0.0002731871679408368 46
1778048206569 0.00024389737940298906 47
1778048207389 0.00024726787249665654 48
1778048208036 0.00028427567725673833 49
1778048208891 0.0002515308752544629 50
1778048209661 0.0004466459604504896 51
1778048210306 0.00021526791523143217 52
1778048211097 0.00018570445894695604 53
1778048212002 0.00020737753558036724 54
1778048212668 0.0002172510015214726 55
1778048213475 0.00019193278537874204 56
1778048214396 0.00017199771041371116 57
1778048215109 0.00018982995527988786 58
1778048216062 0.00015459120660797572 59
1778048216925 0.00016361445475764492 60
1778048217668 0.0002580085521280442 61
1778048218544 0.00016248691067828432 62
1778048219432 0.0003524403963229565 63
1778048220223 0.00029213387640176234 64
1778048221094 0.00014934087865159213 65
1778048221987 0.00015994523530842844 66
1778048222788 0.00014179150341500434 67
1778048223654 0.0001590601333072814 68
1778048224594 0.00027005453275573995 69
1778048225367 0.0001528314253622396 70
1778048226283 0.0001362388776623698 71
1778048227119 0.00017734858809727365 72
1778048227783 0.00013986027092407997 73
1778048228559 0.00022521442640910223 74
1778048229392 0.00014409272388666463 75
1778048230080 0.000130230639405309 76
1778048230919 0.00022007680345795697 77
1778048231742 9.629471273713179e-05 78
1778048232447 0.0001152977448604677 79
1778048233472 0.0001494591537187301 80
1778048234580 0.00013803666139289777 81
1778048235476 9.64382942702682e-05 82
1778048236578 0.00014205282238528025 83
1778048237581 0.0001243339931428689 84
1778048238452 0.00011512645484628223 85
1778048239533 0.0001257276881137775 86
1778048240452 0.0001090417946756318 87
1778048241281 8.381928442310934e-05 88
1778048242210 9.867178807220678e-05 89
1778048243220 0.00011252654793139115 90
1778048244103 0.00010782293463927235 91
1778048245186 8.571063623041509e-05 92
1778048246119 8.917610424417207e-05 93
1778048246960 0.0001476962781347591 94
1778048247824 7.658772480773632e-05 95
1778048248720 9.067915285097273e-05 96
1778048249525 8.522844143664005e-05 97
1778048250469 7.17067460768242e-05 98
1778048251446 0.00011921073546282192 99
1778048252181 0.00011703347157943399 100
1778048253027 0.00010604322591646358 101
1778048253896 7.42647473247337e-05 102
1778048254680 6.816122381217386e-05 103
1778048255566 8.975997390233965e-05 104
1778048256664 7.685216838001287e-05 105
1778048257734 8.3768183949228e-05 106
1778048258806 7.622886487692797e-05 107
1778048259952 8.086927703951243e-05 108
1778048261018 6.089600954484026e-05 109
1778048262183 5.517043694229527e-05 110
1778048263373 6.303140308654807e-05 111
1778048264299 6.465925817146722e-05 112
1778048265396 5.661910087666542e-05 113
1778048266536 6.120560085590746e-05 114
1778048267516 6.0366584032148026e-05 115
1778048268620 7.778749130775923e-05 116
1778048269767 6.393479349714218e-05 117
1778048270761 5.1630380925337746e-05 118
1778048271894 6.87691976107063e-05 119
1778048273043 5.911321486696513e-05 120
1778048274028 5.742146335040266e-05 121
1778048275161 8.336191092604312e-05 122
1778048276347 5.1965330873128444e-05 123
1778048277368 6.240761011714062e-05 124
1778048278554 4.926800508089229e-05 125
1778048279732 5.7157897321883574e-05 126
1778048280771 7.161262004481851e-05 127
1778048281958 5.9641881228384115e-05 128
1778048283165 4.505461333462955e-05 129
1778048284126 5.182203181059289e-05 130
1778048285233 3.735750618469193e-05 131
1778048286338 4.754036553608982e-05 132
1778048287305 4.6931963299647435e-05 133
1778048288339 3.828801066223262e-05 134
1778048289448 4.142113207110568e-05 135
1778048290400 4.222173088962428e-05 136
1778048291607 3.98944947569955e-05 137
1778048292738 3.8569064481239565e-05 138
1778048293732 4.056681245856453e-05 139
1778048294850 4.50648487880033e-05 140
1778048295890 3.614407472449112e-05 141
1778048296835 3.701072750698296e-05 142
1778048297851 3.783036328863143e-05 143
1778048298848 3.5041868693002947e-05 144
1778048299615 3.426967697927519e-05 145
1778048300460 3.456092312315351e-05 146
1778048301395 3.373488209984751e-05 147
1778048302534 3.726363489028923e-05 148
1778048303768 4.294207249493912e-05 149
1778048304863 3.3719599557208724e-05 150
1778048305880 3.5176276693506963e-05 151
1778048307035 3.105820994370742e-05 152
1778048308185 2.7813680403135326e-05 153
1778048309202 3.19017126985009e-05 154
1778048310334 2.955942490307675e-05 155
1778048311484 3.084544150097181e-05 156
1778048312522 3.291569742757112e-05 157
1778048313697 3.5181210425461345e-05 158
1778048314891 2.879732220089468e-05 159
1778048315921 2.9531732054791696e-05 160
1778048317095 3.1824848770486206e-05 161
1778048318228 3.239674294056148e-05 162
1778048319207 2.622525828000094e-05 163
1778048320300 2.784283582434949e-05 164
1778048321388 2.807660390660032e-05 165
1778048322371 2.4548549001759756e-05 166
1778048323413 2.499543465408193e-05 167
1778048324434 2.6775877747728583e-05 168
1778048325330 2.5709889482443586e-05 169
1778048326430 2.4474937545428343e-05 170
1778048327384 2.4517170221888986e-05 171
1778048328303 2.425898662255824e-05 172
1778048329403 2.4088461216614224e-05 173
1778048330494 2.4053272286634993e-05 174
1778048331432 2.4289731537346203e-05 175
1778048332371 2.3523531311092075e-05 176
1778048333505 2.366052944705808e-05 177
1778048334288 2.3006540594497643e-05 178
1778048335246 2.2671362007647563e-05 179
1778048336185 2.2850279268480506e-05 180
1778048336998 2.2780323295433924e-05 181
1778048337868 2.2637109026802953e-05 182
1778048338984 2.2410005550372645e-05 183
1778048339821 2.245658029953146e-05 184
1778048340843 2.2548038928568754e-05 185
1778048341892 2.2191797261652738e-05 186
1778048342818 2.2149372154566716e-05 187
1778048343862 2.1710545495253704e-05 188
1778048344923 2.186802721816871e-05 189
1778048345815 2.165780808908217e-05 190
1778048346823 2.1468958183886834e-05 191
1778048347970 2.1528746770670388e-05 192
1778048349001 2.164310115114094e-05 193
1778048350114 2.141495924265853e-05 194
1778048351362 2.1415556952031668e-05 195
1778048352460 2.1232184814795367e-05 196
1778048353626 2.128704458616836e-05 197
1778048354716 2.1137655507566482e-05 198
1778048355845 2.113982719637916e-05 199
1778048168936 0.05295114750987378 0
