1778046744360 0.001 0
1778046745264 0.000996057350657239 1
1778046746085 0.0009842915805643156 2
1778046746793 0.0009648882429441258 3
1778046747707 0.0009381533400219318 4
1778046748430 0.0009045084971874737 5
1778046749294 0.0008644843137107057 6
1778046750210 0.0008187119948743448 7
1778046750985 0.0007679133974894982 8
1778046751863 0.0007128896457825362 9
1778046752647 0.0006545084971874736 10
1778046753527 0.0005936906572928624 11
1778046754427 0.0005313952597646568 12
1778046755167 0.00046860474023534336 13
1778046756027 0.0004063093427071377 14
1778046756918 0.00034549150281252644 15
1778046757708 0.00028711035421746366 16
1778046758590 0.00023208660251050156 17
1778046759345 0.00018128800512565513 18
1778046760310 0.00013551568628929433 19
1778046761244 9.549150281252634e-05 20
1778046761977 6.184665997806823e-05 21
1778046762910 3.511175705587433e-05 22
1778046763631 1.570841943568452e-05 23
1778046764478 3.942649342761118e-06 24
1778046744360 0.001 0
