1778046744349 0.057642025468142136 0
1778046745264 0.01808945182710886 1
1778046746078 0.012810236146754545 2
1778046746788 0.009321821846769772 3
1778046747694 0.007246957781414191 4
1778046748424 0.006142025314055491 5
1778046749285 0.00511337652384047 6
1778046750195 0.004540300593994882 7
1778046750980 0.004004429131611318 8
1778046751857 0.003482123273357317 9
1778046752643 0.0031760419394982896 10
1778046753511 0.0028787253245684333 11
1778046754411 0.002548687870317287 12
1778046755163 0.0022677178022222242 13
1778046756011 0.0022010513736555972 14
1778046756909 0.0020254742559990373 15
1778046757693 0.0018552454066989214 16
1778046758580 0.0017549142442252216 17
1778046759345 0.00166038710259549 18
1778046760295 0.0016296152480999413 19
1778046761235 0.0015543211383097198 20
1778046761976 0.0015088137445053544 21
1778046762893 0.001484357499672721 22
1778046763626 0.0014687114862549672 23
1778046764477 0.0014614376789498804 24
1778046744349 0.057642025468142136 0
